0.68 1.25 2.26 
0.66 1.21 2.15 
0.56 1.00 1.73 
0.53 0.96 1.67 
0.52 0.96 1.64 
0.53 0.98 1.68 
0.48 0.87 1.47 
0.48 0.88 1.48 
0.46 0.84 1.42 
0.49 0.91 1.55 
0.47 0.88 1.47 
0.45 0.82 1.37 
0.46 0.86 1.44 
0.46 0.85 1.44 
0.45 0.83 1.38 
0.43 0.80 1.33 
0.43 0.79 1.32 
0.44 0.80 1.35 
0.43 0.78 1.32 
0.41 0.77 1.27 
0.42 0.78 1.31 
0.44 0.81 1.34 
0.44 0.81 1.35 
0.43 0.79 1.32 
0.42 0.77 1.26 
0.42 0.77 1.30 
0.42 0.78 1.29 
0.42 0.77 1.27 
0.42 0.77 1.29 
0.43 0.78 1.31 
0.43 0.78 1.31 
0.39 0.71 1.18 
0.44 0.81 1.35 
0.41 0.75 1.24 
0.40 0.74 1.22 
0.39 0.71 1.18 
0.42 0.76 1.26 
0.37 0.69 1.14 
0.38 0.70 1.16 
0.41 0.75 1.24 
0.39 0.71 1.18 
0.41 0.75 1.26 
0.39 0.72 1.20 
0.39 0.71 1.18 
0.40 0.73 1.20 
0.38 0.69 1.13 
0.40 0.74 1.23 
0.40 0.75 1.26 
0.40 0.74 1.22 
0.39 0.71 1.16 
0.41 0.74 1.25 
0.39 0.72 1.20 
0.37 0.69 1.13 
0.37 0.68 1.11 
0.39 0.71 1.16 
0.38 0.70 1.16 
0.35 0.64 1.07 
0.37 0.68 1.11 
0.39 0.70 1.17 
0.38 0.70 1.18 
0.37 0.68 1.14 
0.40 0.74 1.26 
0.40 0.73 1.22 
0.36 0.66 1.08 
0.38 0.70 1.16 
0.36 0.66 1.08 
0.37 0.69 1.15 
0.36 0.67 1.11 
0.37 0.69 1.14 
0.37 0.68 1.13 
0.37 0.67 1.11 
0.35 0.64 1.04 
0.38 0.70 1.14 
0.36 0.66 1.10 
0.36 0.67 1.12 
0.37 0.68 1.12 
0.36 0.67 1.12 
0.35 0.63 1.05 
0.35 0.64 1.06 
0.37 0.67 1.10 
0.35 0.64 1.06 
0.36 0.65 1.09 
0.35 0.65 1.09 
0.35 0.64 1.05 
0.37 0.68 1.12 
0.36 0.66 1.11 
0.35 0.64 1.07 
0.36 0.65 1.07 
0.36 0.67 1.10 
0.35 0.63 1.05 
0.38 0.69 1.15 
0.35 0.65 1.06 
0.36 0.67 1.11 
0.36 0.66 1.10 
0.35 0.64 1.06 
0.37 0.68 1.14 
0.35 0.63 1.04 
0.35 0.64 1.07 
0.36 0.66 1.10 
0.34 0.63 1.04 
